    1         -0.98002593781          1   2   3   4   5   6   7   9   
    2         -0.0483650049335        1   2   3   5   6   7   10  11  
    3         0.0392441257299         1   2   3   5   6   7   9   12  
    4         -0.0371851797614        1   2   3   4   7   9   13  14  
    5         -0.0339502661979        1   2   5   6   7   9   11  12  
    6         0.0337788619046         1   2   3   4   5   6   15  17  
    7         -0.0324063287349        1   2   3   4   7   9   11  12  
    8         -0.0290975358803        1   2   3   4   7   9   25  26  
    9         0.0281791998575         1   2   4   5   6   7   9   11  
    10        0.0271775617503         1   2   3   5   6   7   12  17  
    11        -0.0262809831316        1   2   3   4   5   7   14  17  
    12        -0.0258994406688        1   2   3   4   5   7   9   14  
    13        0.0244792803058         1   2   3   4   5   9   14  15  
    14        -0.0238036913034        1   2   3   6   7   9   12  13  
    15        0.0233166137656         1   2   3   4   5   7   10  13  
    16        -0.0229255632331        1   2   3   4   5   8   9   13  
    17        0.022428023973          1   2   4   5   7   9   11  14  
    18        -0.021557431797         1   2   5   6   7   9   12  23  
    19        -0.0214954945138        1   2   3   4   5   7   17  20  
    20        -0.0211280151078        1   2   3   5   6   9   12  15  
    21        0.0210813508293         1   2   3   4   7   9   13  26  
    22        -0.0210281315898        1   2   3   6   7   9   24  25  
    23        -0.0207970352524        1   2   3   4   7   9   14  25  
    24        0.0206871347869         1   2   3   4   6   7   13  17  
    25        0.0206317705038         1   2   5   6   7   9   11  24  
    26        -0.0204505741083        1   2   5   6   7   9   23  24  
    27        0.0204276058278         1   2   3   6   7   8   9   13  
    28        -0.0203420965894        1   2   3   4   6   7   9   13  
    29        0.0203147303453         1   2   4   5   7   9   23  26  
    30        -0.0200438941186        1   2   3   4   7   9   19  20  
    31        -0.019885896798         1   2   3   4   6   9   13  15  
    32        -0.0190927337787        1   2   3   4   7   9   21  22  
    33        0.0190766413469         1   2   3   6   7   9   12  25  
    34        0.0190563580582         1   2   3   5   6   8   9   11  
    35        -0.0189619155858        1   2   3   4   7   9   23  24  
    36        0.0188540689648         1   2   3   4   5   9   15  20  
    37        0.0187186626911         1   2   3   5   6   7   10  23  
    38        0.0183191365631         1   2   3   5   6   7   17  24  
    39        -0.018266049499         1   2   3   5   6   9   11  12  
    40        0.0181840053802         1   2   3   4   7   9   11  24  
    41        -0.017964780276         1   2   4   5   7   9   11  26  
    42        0.0179581547175         1   2   3   4   6   7   17  19  
    43        0.0177193391342         1   2   3   6   7   9   23  26  
    44        0.0174150813642         1   2   3   4   5   6   9   11  
    45        -0.0173867755684        1   2   3   6   7   9   11  26  
    46        -0.0171980292734        1   2   3   4   7   9   12  23  
    47        -0.0168428302844        1   2   3   6   7   8   9   25  
    48        -0.0165333527427        1   2   4   5   7   9   24  25  
    49        -0.0164248227736        1   2   3   5   6   7   10  21  
    50        -0.0163641148046        1   2   4   5   7   9   12  13  
    51        -0.0155982634528        1   2   3   4   5   7   17  26  
    52        -0.0155476213856        1   2   3   4   6   9   15  19  
    53        0.0155473359791         1   2   3   6   7   9   11  14  
    54        -0.0154731831236        1   2   5   6   7   9   21  22  
    55        0.0154365975421         1   2   4   5   7   9   12  25  
    56        -0.0152921348151        1   2   3   4   5   9   12  13  
    57        -0.0152225663249        1   2   4   5   6   7   11  17  
    58        0.0148029736445         1   2   3   5   6   7   17  22  
    59        0.0145621793678         1   2   4   5   7   9   14  23  
    60        0.0142443676958         1   2   3   4   5   9   15  26  
    61        -0.0142160102665        1   2   3   5   6   9   15  22  
    62        -0.014187035964         1   2   5   6   7   9   25  26  
    63        -0.0141795295453        1   2   3   6   7   9   13  24  
    64        -0.014135373891         1   2   3   4   7   8   9   11  
    65        0.0139772880738         1   2   3   6   7   9   12  19  
    66        0.0138661868431         1   2   3   5   6   8   9   15  
    67        -0.0137360061           1   2   3   5   6   9   15  24  
    68        -0.0134753015459        1   2   4   5   6   7   9   23  
    69        -0.0134635418952        1   2   3   4   7   9   22  23  
    70        -0.0132477189773        1   2   3   4   5   7   10  25  
    71        0.0131675142743         1   2   3   4   7   9   21  24  
    72        -0.0129236744131        1   2   3   4   6   9   15  25  
    73        0.0128409564492         1   2   3   4   6   7   17  25  
    74        0.0128298592355         1   2   3   5   6   7   9   22  
    75        0.0126291655045         1   2   4   5   6   9   11  15  
    76        0.012517891401          1   2   3   4   7   8   9   23  
    77        -0.0123960685048        1   2   4   5   7   9   20  21  
    78        0.0123016275477         1   2   3   6   7   9   19  22  
    79        0.0120619835628         1   2   3   4   6   7   9   25  
    80        -0.0120074729356        1   2   3   5   6   7   11  18  
    81        -0.011766399272         1   2   3   4   7   9   14  19  
    82        -0.0116436452403        1   2   5   6   7   9   10  17  
    83        -0.0113679869268        1   2   4   5   7   9   11  20  
    84        -0.0113034954577        1   2   5   6   7   9   13  14  
    85        -0.011261158691         1   2   3   5   6   7   9   24  
    86        -0.0106468414918        1   2   4   5   6   7   17  23  
    87        0.0106111346392         1   2   4   5   7   8   9   13  
    88        -0.01054395097          1   2   3   4   7   9   11  22  
    89        -0.0104929950111        1   2   3   6   7   9   20  21  
    90        -0.0104421084122        1   2   4   5   6   7   17  21  
    91        0.0103608911284         1   2   3   4   5   7   9   26  
    92        0.0103162271352         1   2   3   4   7   9   13  20  
    93        0.0103143409436         1   2   3   4   5   9   22  25  
    94        -0.010287596858         1   2   4   5   7   8   9   25  
    95        0.0101838036298         1   2   3   5   6   7   9   16  
    96        0.010088418047          1   2   4   5   6   9   15  21  
    97        0.00991180426397        1   2   4   5   6   9   15  23  
    98        0.00976424393009        1   2   4   5   7   9   19  22  
    99        -0.00948710464713       1   2   3   6   7   9   21  26  
    100       -0.00940716077743       1   2   4   6   7   9   11  19  
    101       -0.00923879895215       1   2   3   5   6   9   12  23  
    102       0.00917512558248        1   2   3   4   5   8   9   25  
    103       0.00911197147237        1   2   3   5   6   9   11  24  
    104       -0.00902992352073       1   2   4   5   7   9   13  24  
    105       0.00899308790874        1   2   3   4   5   9   11  14  
    106       0.00889331729102        1   2   4   5   7   9   22  25  
    107       0.00879879548116        1   2   3   4   5   9   13  22  
    108       -0.00854582901284       1   2   3   5   7   8   9   14  
    109       -0.00850619737979       1   2   3   5   7   9   12  20  
    110       -0.00848611285979       1   2   3   5   6   7   18  23  
    111       0.00845705749814        1   2   5   6   7   9   13  26  
    112       -0.00836803632168       1   2   5   6   7   9   17  18  
    113       0.00833504863722        1   2   3   4   6   9   11  13  
    114       0.0083033238838         1   2   3   5   6   9   12  21  
    115       0.00824642993726        1   2   3   6   7   9   14  23  
    116       -0.00820019138011       1   2   3   5   6   9   23  24  
    117       0.00819920302455        1   2   3   4   7   9   12  21  
    118       -0.00801627576515       1   2   5   6   7   9   14  25  
    119       0.00799655374783        1   2   3   5   6   9   11  16  
    120       -0.00798332362937       1   2   5   6   7   8   9   15  
    121       -0.00793660632138       1   2   3   4   5   9   21  26  
    122       -0.00786238141828       1   2   5   6   7   9   19  20  
    123       0.00785314251855        1   2   3   6   7   8   9   19  
    124       0.00780109691475        1   2   4   5   6   7   9   15  
    125       -0.00778790000195       1   2   3   4   6   9   19  21  
    126       -0.00775927818793       1   2   5   6   7   9   15  16  
    127       0.00754136197851        1   2   3   4   5   6   17  21  
    128       0.00741956092977        1   2   3   4   6   9   11  19  
    129       -0.00736122781387       1   2   3   5   6   7   8   17  
    130       -0.00734121838666       1   2   4   6   7   9   19  23  
    131       0.00711374448073        1   2   3   4   5   9   12  25  
    132       0.00685765536231        1   2   3   5   6   9   10  17  
    133       0.00683396806428        1   2   4   6   7   9   11  13  
    134       -0.00674824019664       1   2   3   4   7   8   9   21  
    135       -0.00671086678445       1   2   3   4   5   9   24  25  
    136       0.00653291140661        1   2   3   6   7   9   22  25  
    137       -0.00651467670541       1   2   3   4   5   9   13  24  
    138       -0.00646243272061       1   2   5   6   7   9   12  15  
    139       -0.00618022208037       1   2   3   4   5   6   11  17  
    140       0.00609604406018        1   2   4   6   7   9   13  23  
    141       0.00604926910122        1   2   4   5   6   7   9   21  
    142       -0.00601737017713       1   2   3   5   6   8   9   23  
    143       -0.005793688263         1   2   3   5   7   9   20  24  
    144       0.00575361662504        1   2   3   4   5   9   23  26  
    145       0.00573927473629        1   2   3   5   7   9   12  14  
    146       0.00571897492078        1   2   3   4   5   7   13  18  
    147       0.0057117799386         1   2   3   5   7   8   9   26  
    148       0.00567154580507        1   2   3   5   6   9   21  24  
    149       -0.00558657985671       1   2   3   4   5   9   12  19  
    150       0.00544385556671        1   2   3   5   6   9   16  21  
    151       -0.00543443240148       1   2   3   4   5   6   9   23  
    152       -0.00536978182447       1   2   4   5   7   9   21  26  
    153       -0.00522175248163       1   2   3   4   6   9   13  21  
    154       -0.00521422673654       1   2   3   4   5   9   11  26  
    155       0.00511967578079        1   2   3   5   6   9   16  23  
    156       -0.0050875230079        1   2   3   5   6   7   18  21  
    157       -0.00503195948379       1   2   4   5   6   9   11  21  
    158       -0.00491621315236       1   2   3   4   5   7   9   20  
    159       0.00484762723411        1   2   4   5   6   7   15  17  
    160       0.00483820827076        1   2   3   4   5   9   20  21  
    161       0.00483339548348        1   2   5   6   7   9   11  16  
    162       -0.00481382733466       1   2   3   5   7   8   9   20  
    163       0.00475359219304        1   2   3   4   6   7   9   19  
    164       0.00472852820489        1   2   3   5   7   9   14  24  
    165       -0.00471427869663       1   2   3   4   5   9   13  16  
    166       0.00470473174906        1   2   5   6   7   8   9   11  
    167       -0.00439504649938       1   2   3   4   5   9   19  24  
    168       -0.0043527513412        1   2   4   5   7   9   20  23  
    169       0.00424388072744        1   2   3   4   5   7   18  19  
    170       -0.00415199673002       1   2   3   4   5   9   16  19  
    171       0.00414058301617        1   2   3   4   6   9   13  23  
    172       0.0041383048491         1   2   4   6   7   9   23  25  
    173       -0.00411882222485       1   2   3   5   6   7   10  15  
    174       0.00407567629689        1   2   3   5   6   9   13  14  
    175       -0.00403326936303       1   2   3   5   6   9   22  23  
    176       0.00397030012313        1   2   4   5   7   9   12  19  
    177       -0.00390834107143       1   2   3   4   5   9   14  21  
    178       0.00390628486468        1   2   4   6   7   9   21  25  
    179       0.00389018200594        1   2   3   5   6   9   14  25  
    180       -0.00387978665312       1   2   5   6   7   9   15  22  
    181       0.00386040965156        1   2   3   6   7   9   19  24  
    182       -0.00383068508492       1   2   4   5   6   9   13  25  
    183       -0.0038291367336        1   2   5   6   7   9   15  24  
    184       -0.00382130601378       1   2   5   6   7   9   14  19  
    185       -0.00380048598699       1   2   3   5   6   9   11  22  
    186       0.00378258086713        1   2   5   6   7   9   16  21  
    187       0.00369805888648        1   2   3   5   6   9   17  18  
    188       -0.00368952948861       1   2   3   5   6   9   20  25  
    189       0.0036728061975         1   2   3   4   5   7   18  25  
    190       0.00350945427236        1   2   4   5   7   9   15  20  
    191       -0.00341865384587       1   2   3   6   7   9   11  20  
    192       0.0033564383304         1   2   5   6   7   9   16  23  
    193       -0.00324598343569       1   2   3   4   6   9   11  25  
    194       -0.00320340462944       1   2   3   6   7   9   16  19  
    195       0.00311016789718        1   2   3   4   7   9   15  24  
    196       0.00305085841565        1   2   5   6   7   9   13  20  
    197       -0.00298307531131       1   2   3   4   5   6   17  23  
    198       -0.00295090972796       1   2   3   4   7   8   9   15  
    199       0.00290922668795        1   2   3   5   6   9   19  26  
    200       0.00287402447088        1   2   3   4   6   9   19  23  
    201       -0.00282890311803       1   2   3   4   7   9   15  16  
    202       0.00281371235612        1   2   4   5   7   8   9   19  
    203       0.00280499052734        1   2   3   5   7   9   22  26  
    204       0.00280117429283        1   2   3   4   5   9   14  23  
    205       -0.00272856904205       1   2   3   5   6   7   16  17  
    206       0.00272600669554        1   2   3   5   7   9   24  26  
    207       -0.00270356206494       1   2   3   6   7   9   15  26  
    208       -0.00265378088501       1   2   3   5   6   9   25  26  
    209       -0.00262902526406       1   2   4   6   7   9   19  21  
    210       -0.00259270643243       1   2   3   4   6   9   21  25  
    211       0.00256573332214        1   2   3   4   5   9   19  22  
    212       0.00254428180616        1   2   3   6   7   9   20  23  
    213       0.0025425934005         1   2   5   6   7   8   9   23  
    214       -0.00253929215334       1   2   4   6   7   9   11  25  
    215       -0.00253452903726       1   2   3   4   13  14  15  17  
    216       -0.0024936398076        1   2   7   9   11  12  13  14  
    217       -0.00248943793117       1   2   3   4   7   9   16  23  
    218       -0.0024558456048        1   2   3   7   9   12  25  26  
    219       0.00245459398365        1   2   3   5   6   8   9   21  
    220       0.00242801084305        1   2   3   4   7   9   16  21  
    221       0.00242104889069        1   2   4   6   7   9   15  19  
    222       -0.00241390812727       1   2   3   4   7   9   15  22  
    223       -0.00233451864454       1   2   4   5   7   9   19  24  
    224       -0.00232824453087       1   2   3   4   7   9   17  18  
    225       0.00222912255977        1   2   3   7   10  11  13  14  
    226       -0.00219674330194       1   2   3   4   5   9   16  25  
    227       -0.00217770278934       1   2   4   5   6   9   21  23  
    228       0.00215055449376        1   2   6   7   8   9   11  13  
    229       -0.00215001623502       1   2   7   9   11  12  25  26  
    230       -0.00212140217087       1   2   4   5   7   9   15  26  
    231       0.00208154178845        1   2   3   6   9   11  12  13  
    232       0.00203623665836        1   2   3   4   5   10  11  13  
    233       0.00200817343031        1   2   3   7   8   9   11  12  
    234       -0.0020061056766        1   2   3   7   9   12  14  25  
    235       0.00197949330973        1   2   5   6   7   11  12  17  
    236       0.00195367923815        1   2   3   6   12  13  15  17  
    237       -0.00193809206746       1   2   6   7   9   11  12  13  
    238       0.00190776281201        1   2   4   5   7   9   16  25  
    239       0.00189460707155        1   2   4   5   6   9   13  19  
    240       -0.00189113708819       1   2   5   6   7   9   22  23  
    241       -0.00185299535581       1   2   3   7   12  13  14  17  
    242       0.00184642590128        1   2   3   5   7   9   16  20  
    243       0.00183703449543        1   2   5   6   7   9   21  24  
    244       -0.00183413407703       1   2   3   5   7   9   20  22  
    245       -0.00182785442758       1   2   7   9   11  12  14  25  
    246       0.00182590221278        1   2   7   9   11  12  13  26  
    247       0.001820704432          1   2   3   7   9   12  13  26  
    248       -0.00179750806219       1   2   3   5   6   9   21  22  
    249       0.00178787409444        1   2   3   4   5   9   20  23  
    250       -0.00177968007954       1   2   4   7   9   11  13  14  
    251       0.00177169769876        2   3   5   6   7   9   10  17  
    252       0.00176883241538        1   2   3   4   9   15  19  26  
    253       0.00175507524607        1   2   3   5   6   9   19  20  
    254       0.00175104584604        1   2   3   4   5   6   9   15  
    255       -0.00174676626901       1   2   3   5   8   10  11  13  
    256       -0.00172909055792       1   2   3   4   7   17  19  26  
    257       0.00172648729446        1   2   3   5   6   11  15  18  
    258       0.00172392075529        1   2   3   7   10  11  25  26  
    259       0.00171709311345        1   2   3   4   7   9   12  15  
    260       0.00170058093547        1   2   3   4   14  15  17  25  
    261       -0.00168969485102       1   2   5   6   11  12  15  17  
    262       -0.0016768070115        1   2   5   7   11  12  14  17  
    263       -0.00166565254251       1   2   7   9   23  24  25  26  
    264       -0.00165757016922       1   2   3   5   6   7   15  18  
    265       -0.00165012556031       1   2   3   4   13  15  17  26  
    266       0.0016497466698         1   2   3   5   7   10  12  25  
    267       -0.00162962967647       1   2   3   5   6   9   14  19  
    268       -0.00161326142723       1   2   7   9   12  13  14  23  
    269       -0.00160611771871       1   2   7   9   12  23  25  26  
    270       0.00159652949499        1   2   7   9   11  24  25  26  
    271       -0.00159361334601       1   2   3   4   7   9   11  16  
    272       -0.00158100601567       1   2   3   5   12  14  15  17  
    273       0.00154894086247        1   2   3   6   7   9   16  25  
    274       -0.0015364555408        1   2   7   9   11  13  14  24  
    275       0.00152649713499        1   2   4   5   11  14  15  17  
    276       0.00151450435865        1   2   3   4   15  17  19  20  
    277       -0.00149635503058       2   3   4   5   6   7   17  23  
    278       0.00148556603008        1   2   3   7   8   9   12  23  
    279       -0.00147892991101       1   2   3   4   7   14  17  25  
    280       -0.00147604849699       1   2   3   5   12  15  17  20  
    281       0.00147179244859        1   2   3   9   12  13  14  15  
    282       0.00147085685453        1   2   3   4   14  15  17  19  
    283       -0.00146714515045       1   2   3   7   10  11  13  26  
    284       0.00146164844235        1   2   3   4   15  17  25  26  
    285       0.00145504183563        1   2   3   4   6   13  15  17  
    286       -0.00145237932514       1   2   3   4   9   11  12  15  
    287       -0.00144851912177       1   2   3   6   12  15  17  19  
    288       -0.00144617751247       1   2   7   9   12  13  23  26  
    289       0.0014349304047         1   2   5   7   10  11  12  13  
    290       -0.00143182052213       1   2   3   4   13  15  17  20  
    291       -0.00142043216357       1   2   3   4   7   10  11  21  
    292       -0.00140980764882       1   2   3   7   8   9   14  25  
    293       0.00140852084154        1   2   6   7   8   9   13  23  
    294       0.00138709426817        1   2   5   9   11  12  14  15  
    295       -0.00138441264997       1   2   7   9   13  14  23  24  
    296       0.00138409166532        1   2   4   5   7   10  11  19  
    297       -0.00137943526071       3   4   5   6   7   9   17  18  
    298       0.00137467555134        2   3   5   6   7   8   9   15  
    299       -0.00137436605165       1   2   3   7   8   9   11  24  
    300       0.0013669761464         1   2   5   6   12  15  17  23  
    301       -0.00136176854203       1   2   7   9   11  14  24  25  
    302       -0.00134656109582       1   2   3   4   5   10  11  25  
    303       0.00133782143287        2   3   4   5   6   9   15  23  
    304       -0.0013353285566        1   2   3   4   7   13  17  26  
    305       -0.00133515996706       1   2   3   7   9   12  13  14  
    306       -0.00133332629037       1   2   4   5   7   9   16  19  
    307       -0.00132162417336       1   2   3   5   7   10  12  13  
    308       -0.00131841984012       1   2   4   5   6   11  15  17  
    309       0.00131764978207        1   2   3   4   7   11  12  17  
    310       0.00131610205457        1   2   3   5   6   10  15  21  
    311       0.00131060507656        1   2   3   4   7   17  20  25  
    312       0.00130846754258        1   2   3   7   8   9   13  26  
    313       0.00130402576384        1   2   3   7   10  11  14  25  
    314       -0.00130040431818       1   2   5   6   11  15  17  24  
    315       -0.00129991609585       3   4   5   6   7   9   15  16  
    316       -0.0012954733999        1   2   3   7   12  14  17  25  
    317       0.00129533566744        1   2   3   5   6   10  15  23  
    318       -0.00129015924642       1   2   3   6   9   11  12  25  
    319       -0.00128629404036       1   2   5   6   7   10  11  21  
    320       0.00128562411169        1   2   3   7   9   24  25  26  
    321       -0.00127779166052       1   2   3   7   13  14  17  24  
    322       -0.00127090641054       1   2   3   5   7   8   10  13  
    323       -0.00125404569692       1   2   6   7   8   9   11  25  
    324       0.00125035383691        1   2   3   4   6   9   23  25  
    325       0.00124003808209        1   2   4   7   11  13  14  17  
    326       -0.00123536617249       1   2   3   8   9   13  14  15  
    327       -0.00122798457642       1   2   6   7   11  12  13  17  
    328       -0.00122722578203       1   2   5   6   7   9   20  25  
    329       -0.00122419770616       1   2   3   7   9   12  14  19  
    330       0.00121876028869        1   2   3   4   9   14  15  25  
    331       -0.00121835477731       1   2   3   5   7   10  24  25  
    332       -0.00120943896991       1   2   7   9   11  12  19  20  
    333       -0.00120482290064       1   2   5   7   11  12  17  20  
    334       -0.00120266601195       3   4   5   6   7   9   23  24  
    335       -0.00119830521135       1   2   3   4   7   17  25  26  
    336       -0.00119776856983       2   3   4   5   6   7   11  17  
    337       -0.00118750686459       1   2   5   6   9   11  12  15  
    338       0.00118186525792        1   2   3   5   6   9   15  16  
    339       -0.001179999129         1   2   3   4   9   15  20  25  
    340       0.00117770615958        1   2   5   6   7   9   19  26  
    341       0.00117489527255        1   2   5   7   11  14  17  24  
    342       0.00117410864124        1   4   5   6   7   9   17  18  
    343       0.00117304274763        1   2   5   6   8   9   11  15  
    344       -0.00115929669205       1   2   3   5   8   9   11  14  
    345       0.00115494033109        1   2   5   6   15  17  23  24  
    346       0.00115325815566        1   2   6   9   11  12  13  15  
    347       -0.00115290780558       1   2   3   7   12  17  25  26  
    348       0.00114050361279        1   2   5   7   12  14  17  23  
    349       0.00113490889759        2   3   5   6   7   9   17  18  
    350       -0.00113058021946       1   2   5   8   9   11  12  13  
    351       0.00112801822433        1   2   3   4   9   12  13  19  
    352       -0.00112083354783       1   2   5   6   7   11  18  21  
    353       -0.00111269252152       1   2   7   9   11  12  21  22  
    354       -0.00110815918171       1   2   3   7   12  13  17  26  
    355       -0.00110631687067       1   2   7   9   13  23  24  26  
    356       0.00110424492676        1   2   3   7   8   9   23  24  
    357       0.00109738255932        1   2   4   5   11  15  17  20  
    358       0.00109670339666        1   2   3   7   9   11  12  24  
    359       -0.00109652236276       1   2   5   7   8   9   12  13  
    360       0.00109537249014        1   2   3   6   7   9   15  20  
    361       -0.00109386095788       1   2   3   4   9   15  21  22  
    362       -0.0010902036679        1   2   6   7   11  12  17  19  
    363       -0.00108648871972       1   2   3   4   5   9   11  20  
    364       -0.00108598543288       1   2   7   9   14  23  24  25  
    365       0.00108474764522        1   2   6   7   9   11  19  22  
    366       -0.0010767615577        1   2   3   4   5   13  16  17  
    367       0.00107488800942        1   3   4   5   6   7   18  23  
    368       -0.00106873348491       1   2   7   9   12  14  23  25  
    369       -0.00106493320686       1   2   7   9   11  13  24  26  
    370       -0.00106248057708       1   2   3   4   11  12  15  17  
    371       0.0010577161666         1   2   3   5   8   9   12  25  
    372       -0.00105724838684       1   2   5   7   11  12  17  26  
    373       0.00105706532305        1   2   3   4   9   15  25  26  
    374       -0.00105352197714       1   2   4   9   11  13  14  15  
    375       0.00105084450737        1   2   3   7   10  11  19  20  
    376       0.00104862653532        1   2   3   9   13  14  15  24  
    377       -0.00104824670434       3   4   5   6   7   9   10  17  
    378       -0.00104394128918       1   2   3   7   12  17  19  20  
    379       0.00104338452397        1   2   3   4   7   17  21  22  
    380       -0.00104331584981       3   4   5   6   7   8   9   15  
    381       0.00103257580948        1   2   3   4   9   13  15  26  
    382       0.00103177670754        1   2   3   5   10  11  12  13  
    383       -0.00102556054004       1   2   3   7   9   12  19  26  
    384       0.00102497086964        1   2   3   7   8   13  14  17  
    385       -0.00102481666832       1   2   3   5   7   10  21  26  
    386       -0.00101476662516       1   2   7   9   11  12  14  19  
    387       0.000992021871326       1   4   5   6   7   9   10  17  
    388       0.000989889621914       1   2   3   4   9   11  15  22  
    389       0.000989304884637       2   3   4   6   7   9   21  25  
    390       0.000987752796438       1   2   3   6   9   13  21  22  
    391       0.000980612845882       1   2   6   7   12  13  17  23  
    392       -0.000979191553253      1   2   5   7   14  17  23  24  
    393       0.000977474420164       1   4   5   6   7   9   15  16  
    394       0.000968889635352       1   2   5   6   7   17  21  22  
    395       0.000967728494385       1   2   3   5   14  15  17  22  
    396       -0.000966241201488      3   4   5   6   7   9   25  26  
    397       0.000964892115097       1   2   4   7   11  13  17  26  
    398       0.000962158851111       1   2   3   5   6   15  17  24  
    399       0.000961676635989       1   2   3   4   7   13  14  17  
    400       0.000961064145248       1   2   5   9   11  12  15  20  
    401       0.000958876817362       2   3   4   5   6   9   11  15  
    402       0.000958871590656       1   2   3   7   9   13  14  16  
    403       -0.000953793294554      1   2   3   7   17  24  25  26  
    404       -0.000952613174529      1   2   3   4   9   13  14  15  
    405       -0.000943485955753      1   2   6   7   11  13  17  24  
    406       -0.000942306758716      1   2   6   7   9   11  20  21  
    407       0.00093993323477        2   3   5   6   7   9   15  16  
    408       -0.000932565928016      1   2   3   5   7   9   12  26  
    409       -0.000929827420456      1   2   5   9   11  14  15  24  
    410       -0.00092509885989       1   2   6   9   12  13  15  23  
    411       0.000923680018856       1   2   3   4   8   9   11  21  
    412       -0.000922630773844      1   2   3   5   7   10  14  23  
    413       0.000922557181914       1   3   4   5   7   9   22  26  
    414       0.000919876486126       1   2   6   7   8   9   11  19  
    415       -0.000919489392429      1   2   4   7   13  14  17  23  
    416       -0.00091877821876       1   2   5   9   12  14  15  23  
    417       0.000915424295653       1   2   3   4   5   8   17  25  
    418       0.000915415018725       1   2   5   6   15  17  21  22  
    419       0.00091368570357        1   2   5   9   11  12  15  26  
    420       -0.000912563655288      1   2   3   4   9   15  22  23  
    421       -0.000911683102632      1   2   3   4   7   10  13  19  
    422       -0.000900611332211      1   2   4   6   11  13  15  17  
    423       -0.000898720136741      1   2   4   7   9   11  19  20  
    424       -0.000897979111847      1   2   3   5   6   15  18  23  
    425       -0.00089725972196       1   3   4   5   6   7   10  23  
    426       0.000895887939454       1   2   3   5   7   10  20  23  
    427       0.000894586556208       1   2   3   7   9   14  19  24  
    428       0.000887568559463       1   2   4   5   6   9   19  25  
    429       0.000886371661818       1   2   4   9   13  14  15  23  
    430       -0.000885379408246      1   2   3   8   9   11  13  14  
    431       -0.000880401943959      1   2   5   6   7   9   11  22  
    432       -0.000876064496472      1   2   3   4   5   10  15  25  
    433       0.000871430491019       1   2   4   6   11  15  17  19  
    434       -0.00086985436096       2   3   4   6   7   9   19  21  
    435       0.000867520038644       1   2   7   8   9   23  25  26  
    436       -0.000865688138038      1   2   5   6   9   15  21  22  
    437       0.000861874179587       1   2   3   6   7   10  11  19  
    438       0.000860663348352       1   3   4   5   6   7   11  18  
    439       -0.000859995793359      1   2   5   7   8   9   13  24  
    440       -0.000859589907994      1   2   3   4   5   13  15  18  
    441       0.000853971515656       1   2   3   4   7   17  22  23  
    442       -0.000852952800807      1   2   3   7   8   9   25  26  
    443       -0.000852606050136      1   2   3   7   11  12  17  22  
    444       0.000848038424428       2   3   4   5   6   7   9   23  
    445       -0.000848037782416      3   4   5   6   7   9   12  23  
    446       -0.00084552287146       1   2   3   4   5   10  15  19  
    447       -0.000844765347421      1   3   4   6   7   9   21  26  
    448       -0.000844047016579      1   2   6   7   11  12  17  25  
    449       0.00084380514191        1   2   3   5   7   8   10  25  
    450       0.000841669098912       1   2   7   8   9   13  23  26  
    451       0.000841296186281       1   2   6   9   11  12  15  19  
    452       -0.000838252055839      1   2   7   9   21  22  25  26  
    453       -0.000837516607687      3   4   5   6   7   9   19  26  
    454       0.000832317965265       1   2   5   7   10  11  20  21  
    455       0.00082929918923        3   4   5   6   7   9   20  25  
    456       0.000822112947655       1   2   3   5   7   10  12  19  
    457       -0.000819164564139      1   2   5   6   7   8   11  17  
    458       0.000818964213759       1   2   3   6   13  15  17  22  
    459       0.000817061813551       1   3   5   6   7   9   10  18  
    460       -0.000813447368919      1   2   3   5   6   8   17  23  
    461       -0.000813336740062      1   2   3   6   7   10  11  13  
    462       0.000812287854372       1   2   7   9   11  12  13  20  
    463       0.000811554283445       1   2   3   5   7   14  17  24  
    464       0.000809400735295       1   2   6   9   11  13  15  24  
    465       0.000807951806619       1   4   5   6   7   8   9   15  
    466       0.000804934572796       1   2   5   9   14  15  23  24  
    467       -0.000804057149126      1   3   4   5   7   9   20  22  
    468       0.000802771751167       1   2   4   7   11  14  17  25  
    469       0.000800818066562       1   2   6   7   13  17  23  24  
    470       -0.000799013983583      1   2   4   5   14  15  17  21  
    471       -0.000790260705211      1   2   3   5   7   10  11  26  
    472       -0.000789095478067      1   2   3   7   10  23  25  26  
    473       0.000788177148413       1   2   5   6   7   11  17  22  
    474       0.000786946965797       1   2   6   9   11  12  15  25  
    475       0.000786641582394       2   3   4   5   7   9   22  25  
    476       0.000782587642377       1   2   4   7   9   11  12  23  
    477       0.000777792667164       3   4   5   6   7   9   11  24  
    478       0.000775916223398       1   2   3   7   9   19  20  22  
    479       -0.000775199488278      1   2   7   9   19  20  21  22  
    480       0.000769792642946       1   2   4   7   11  17  25  26  
    481       0.000768809169122       1   2   3   9   15  24  25  26  
    482       -0.000760986351004      1   2   7   9   13  14  21  22  
    483       0.0007582757022         1   2   3   9   11  12  25  26  
    484       0.000748524947396       1   2   3   5   6   12  15  17  
    485       0.000746479379565       1   2   3   4   5   10  11  19  
    486       0.000746414894064       1   2   3   5   8   10  11  25  
    487       -0.000745807318148      1   3   4   5   6   9   15  24  
    488       0.000738990495046       1   2   4   7   9   21  22  23  
    489       0.000738934610825       1   2   3   4   7   10  11  23  
    490       0.000737736379896       1   2   4   7   11  17  19  20  
    491       0.000737363418658       1   2   6   7   8   9   23  25  
    492       0.000735782781895       1   4   5   6   7   9   19  26  
    493       -0.000726813566712      1   2   3   5   6   8   17  21  
    494       -0.000723267031968      1   2   6   9   13  15  23  24  
    495       0.000710498357708       2   3   4   6   7   9   23  25  
    496       0.000708664929172       1   2   4   6   7   9   15  25  
    497       0.000706539969417       1   2   3   4   5   8   17  19  
    498       0.000706143148945       1   2   3   4   9   11  14  19  
    499       0.000701019483785       1   3   4   5   7   9   24  26  
    500       0.00069917731429        1   4   5   6   7   8   9   23  
    501       -0.000693952040481      2   3   5   6   7   9   20  25  
    502       -0.00069300986538       1   2   4   5   9   11  12  25  
    503       0.000691623648954       1   3   4   6   7   9   20  21  
    504       0.000683629228785       1   2   4   7   17  23  25  26  
    505       -0.000681889081874      1   2   3   7   10  11  13  20  
    506       0.000678007022645       1   2   3   5   8   9   12  19  
    507       -0.000671800602453      1   2   5   6   7   10  11  23  
    508       -0.000669680200147      3   4   5   6   7   9   19  20  
    509       -0.00066514273265       1   2   3   5   8   9   14  23  
    510       0.000664431451195       2   3   5   6   7   9   12  15  
    511       0.000663975659826       2   3   5   6   7   8   9   23  
    512       -0.000661562894064      1   2   4   9   15  23  25  26  
    513       -0.000655895258978      1   2   7   9   19  20  23  24  
    514       0.00065078563799        1   2   3   7   10  11  14  19  
    515       0.000646156287508       1   2   4   5   8   9   15  25  
    516       -0.000644764824035      1   2   3   6   7   10  19  21  
    517       0.000642184996932       1   2   3   4   9   15  21  24  
    518       -0.000641364626093      1   2   3   5   8   10  13  23  
    519       -0.000640446856326      1   3   4   5   6   9   25  26  
    520       -0.000635846613641      1   2   3   5   7   14  18  23  
    521       0.00063318507289        1   2   3   5   7   10  22  25  
    522       0.000630806157463       1   2   3   8   9   11  13  26  
    523       -0.000628072233354      1   2   3   6   8   9   21  25  
    524       0.000627519495852       1   2   5   7   9   11  12  14  
    525       0.000627510268645       1   2   4   5   7   14  17  23  
    526       -0.000626954611646      1   3   4   5   6   9   15  16  
    527       -0.000625955455278      1   2   4   5   8   9   11  19  
    528       0.000624459203703       1   2   5   7   8   10  11  13  
    529       -0.000618265268197      2   3   4   5   7   9   19  22  
    530       -0.000614726749126      1   2   7   9   21  22  23  24  
    531       0.000613694217548       1   3   5   6   7   8   9   16  
    532       -0.000612743721631      1   3   4   5   6   9   16  23  
    533       0.0006107750539         1   4   5   6   7   9   25  26  
    534       0.000608674300759       1   2   3   6   8   9   11  13  
    535       -0.000607501478441      1   4   5   6   7   9   11  16  
    536       0.000602058411108       1   4   5   6   7   9   19  20  
    537       -0.000601959603155      1   2   3   7   9   12  19  20  
    538       -0.000598717895386      2   3   4   5   6   7   17  21  
    539       -0.000598214249507      1   2   3   7   11  13  14  18  
    540       -0.000589549431282      1   2   4   6   13  15  17  21  
    541       -0.00058927644724       3   4   5   6   7   9   21  24  
    542       0.000583629794845       1   2   3   6   7   10  23  25  
    543       -0.000578970161916      1   2   3   6   7   10  19  23  
    544       -0.000576835658559      1   2   3   7   9   11  14  20  
    545       0.000570349726695       1   2   7   8   9   14  23  25  
    546       -0.000569738941971      1   2   3   8   9   11  25  26  
    547       -0.000568096063108      1   2   5   7   8   10  11  25  
    548       0.000566509671377       1   2   4   7   9   11  19  26  
    549       -0.000565641439358      1   3   4   5   6   9   17  18  
    550       0.000561775189772       3   4   5   6   7   9   22  23  
    551       0.000560973633546       1   2   5   6   8   9   15  23  
    552       0.000558219671956       1   3   4   5   6   7   9   24  
    553       0.000556586340568       1   2   3   4   9   12  15  21  
    554       0.00055609814137        2   3   5   6   7   9   19  20  
    555       0.000555382734022       2   3   5   6   7   9   25  26  
    556       -0.000554138384625      1   3   4   5   6   9   12  15  
    557       0.000553821313331       1   2   3   6   7   14  17  23  
    558       -0.000552934550189      1   2   3   6   7   8   17  19  
    559       -0.000550191368642      1   2   3   5   8   9   24  25  
    560       -0.000549009429951      1   3   4   5   7   9   12  26  
    561       -0.000539339181899      1   2   3   5   6   10  21  23  
    562       -0.000538647318768      1   2   4   7   9   12  13  19  
    563       0.000538345057166       1   2   3   4   8   9   13  19  
    564       0.000537066714556       1   2   3   4   7   17  19  20  
    565       -0.000536773758204      3   4   5   6   7   9   11  12  
    566       0.000533799410412       1   2   3   6   11  14  15  17  
    567       0.000531635034926       1   2   3   5   6   10  13  25  
    568       0.000529974518988       1   2   4   5   9   11  12  13  
    569       -0.000529178367474      1   2   3   5   6   10  11  21  
    570       0.000527895223648       1   2   4   6   7   13  17  23  
    571       -0.000525975331404      1   3   4   6   7   9   14  21  
    572       -0.000525581741423      1   2   3   5   10  11  12  25  
    573       -0.000524688449553      1   2   4   7   11  12  17  21  
    574       0.00052067241057        1   3   4   5   7   9   14  22  
    575       -0.000519557129492      1   2   3   5   9   11  12  14  
    576       0.000519285284952       1   2   3   5   7   10  19  22  
    577       -0.000513550666301      1   4   5   6   7   9   20  25  
    578       0.000511665993555       1   3   4   5   6   9   20  25  
    579       0.000509012569724       1   3   4   5   6   8   9   23  
    580       -0.000508498825042      1   2   5   7   10  11  19  22  
    581       0.00050843415946        1   2   3   6   8   9   15  25  
    582       -0.000505984772641      1   2   5   6   7   12  17  21  
    583       0.000503281896461       2   3   4   6   7   9   13  21  
    584       -0.000501768819804      1   2   5   6   7   9   12  21  
    585       -0.000501669841441      1   2   3   5   6   10  11  15  
    586       0.000501328783684       1   2   3   4   5   7   10  19  
    587       -0.000499713532971      3   4   5   6   7   9   14  25  
    588       0.000497519070894       1   2   4   5   12  13  15  17  
    589       0.000495020684862       2   3   5   6   7   9   19  26  
    590       0.000494127042706       1   2   3   7   9   21  22  24  
    591       -0.000493319875101      1   2   3   4   8   9   15  23  
    592       -0.000490922576336      1   2   4   7   9   11  20  25  
    593       0.000487402288874       1   2   3   6   7   13  17  24  
    594       -0.000481723779102      1   2   3   4   7   17  21  24  
    595       -0.000481389880514      1   2   3   4   5   14  15  17  
    596       -0.000480951750064      2   3   4   5   6   9   19  25  
    597       0.000479025923278       3   4   5   6   7   9   13  26  
    598       -0.000478052502516      1   3   4   5   6   9   10  17  
    599       -0.000475901338007      1   2   3   5   8   13  17  24  
    600       0.000474636012309       1   2   4   5   7   10  19  23  
    601       0.000472266531604       1   2   3   5   6   9   13  26  
    602       0.000470327040639       1   2   4   5   7   13  17  24  
    603       0.000462449014755       2   3   4   5   7   9   13  22  
    604       -0.000462359864727      1   2   3   5   7   10  15  20  
    605       0.000461565259772       1   2   3   5   6   8   15  17  
    606       0.000461491196017       1   2   4   5   9   13  21  22  
    607       -0.000456128793181      1   2   5   6   7   10  11  15  
    608       0.000454333779495       1   2   5   6   8   9   13  19  
    609       -0.000450742215093      1   3   4   5   6   9   11  16  
    610       -0.000449606161692      1   2   3   8   9   11  19  20  
    611       -0.000448899539315      1   2   3   6   7   10  11  25  
    612       0.000444941530889       1   2   3   5   6   16  17  23  
    613       0.000443697969977       1   3   4   5   6   7   17  24  
    614       -0.000442717529628      2   3   4   6   7   9   11  25  
    615       0.000442089793932       3   4   5   6   7   8   9   21  
    616       0.00044183021869        1   3   5   6   7   9   12  16  
    617       0.000435741124927       1   2   3   5   8   9   11  26  
    618       -0.000435548300818      3   4   5   6   7   9   12  21  
    619       0.000435415371787       1   2   5   7   8   9   11  26  
    620       -0.000429718019008      1   2   5   7   8   9   11  14  
    621       -0.000428277985972      3   4   5   6   7   9   14  19  
    622       0.000427079044828       1   2   3   4   5   10  13  23  
    623       0.000423734936802       1   2   3   6   7   10  13  23  
    624       -0.000423704390385      1   2   4   7   9   13  14  15  
    625       0.000420352150668       1   2   3   6   7   10  15  19  
    626       -0.000417879882757      1   2   3   8   9   11  14  25  
    627       0.000416963966786       2   4   5   6   7   9   11  15  
    628       0.000413486831327       1   2   3   6   7   8   13  17  
    629       -0.000406625690711      1   2   5   7   8   9   11  20  
    630       0.000405420314248       3   4   5   6   7   9   13  20  
    631       0.000405153921307       1   2   5   7   11  12  13  18  
    632       0.000402020866562       1   2   3   7   11  18  25  26  
    633       0.000401811283925       1   2   3   5   7   9   16  26  
    634       0.000400855597507       1   2   3   6   8   9   11  25  
    635       0.000400152646732       1   2   3   7   9   12  20  25  
    636       0.000399393064875       1   2   4   5   8   9   11  13  
    637       -0.000397532208896      1   2   5   6   8   9   13  25  
    638       -0.000393651601967      1   2   4   7   9   13  19  24  
    639       -0.000391462393955      1   2   3   4   9   11  16  21  
    640       -0.000391070130012      1   3   4   6   7   9   24  25  
    641       0.000388635969004       1   2   4   5   7   13  18  23  
    642       0.00038801218175        1   2   3   7   10  19  20  21  
    643       0.00038697680071        3   4   5   6   7   9   11  22  
    644       0.000386180840006       1   2   3   7   13  14  18  23  
    645       -0.000385209897494      1   2   4   5   7   8   17  19  
    646       0.000384498929543       1   2   3   4   9   11  13  20  
    647       -0.000383882759109      1   2   3   4   5   10  19  21  
    648       0.00038078721137        1   2   4   5   6   15  17  23  
    649       0.000378852504215       1   2   3   5   7   10  23  26  
    650       -0.000378833108176      1   2   5   7   8   9   24  25  
    651       0.000377784266408       1   2   4   5   8   9   13  23  
    652       -0.000377402261458      1   2   3   5   8   9   12  13  
    653       0.000376874666241       2   3   4   5   7   9   23  26  
    654       -0.000372827624438      1   2   3   6   7   13  18  23  
    655       -0.000371018277482      1   2   4   5   7   10  11  13  
    656       -0.000366391372448      1   2   3   5   11  14  15  18  
    657       0.000366385666813       1   2   3   9   11  13  14  16  
    658       0.000364824616576       1   3   4   5   6   7   12  17  
    659       0.00036425450664        1   2   3   5   9   14  21  22  
    660       -0.000363062311262      1   2   3   4   8   9   13  25  
    661       0.000362722610942       1   2   4   7   9   13  20  23  
    662       0.000358385146913       1   2   7   9   12  13  24  25  
    663       0.000357605762578       1   2   3   6   8   9   19  23  
    664       -0.000356593435274      1   2   3   7   11  13  18  26  
    665       -0.000355907257158      1   2   3   5   7   10  15  26  
    666       -0.000353430232635      3   4   5   6   7   9   21  22  
    667       0.000350271372161       1   2   3   4   9   16  19  25  
    668       -0.000349922774994      1   2   5   7   8   9   12  19  
    669       -0.000348173870428      1   2   3   7   10  12  13  19  
    670       -0.000346756547206      1   2   4   5   8   9   11  25  
    671       0.000340029264368       1   2   3   5   6   11  16  17  
    672       0.000338555532164       1   2   3   4   5   8   9   19  
    673       -0.000337052380425      1   2   4   7   9   23  25  26  
    674       -0.000335290604586      1   2   3   4   9   16  21  23  
    675       -0.000335257814531      1   2   4   5   7   10  11  25  
    676       -0.000331258046765      1   2   3   5   7   8   13  18  
    677       -0.000331154094793      1   2   3   4   5   10  13  21  
    678       0.000330045515601       1   2   3   8   9   12  13  25  
    679       0.000328629434112       1   2   3   4   7   18  21  23  
    680       -0.00032811594082       1   2   3   5   7   10  13  24  
    681       0.000326861089263       1   2   4   5   8   9   23  25  
    682       0.000326723484922       1   2   5   7   8   10  13  23  
    683       0.00032415971385        1   2   3   6   7   10  21  25  
    684       0.000322963927921       1   3   4   5   6   7   17  22  
    685       -0.000321846930879      1   3   4   6   7   9   23  26  
    686       0.000318485656252       1   2   3   5   7   13  18  24  
    687       0.000318286515721       1   2   3   7   11  12  18  21  
    688       0.000317161642084       1   2   4   7   9   14  19  23  
    689       -0.000316202708204      1   2   5   6   7   10  13  19  
    690       -0.000315472750661      1   2   3   7   9   11  20  26  
    691       -0.000314489169902      1   2   3   6   11  13  15  18  
    692       -0.00031414288402       1   2   5   8   9   11  20  21  
    693       0.000313075666817       1   2   7   9   11  14  23  26  
    694       -0.000308819375874      1   2   4   7   9   11  14  19  
    695       0.000306957728553       1   3   4   6   7   9   12  25  
    696       0.00030679933791        2   3   4   5   7   9   24  25  
    697       0.000306351724471       1   2   3   7   18  23  25  26  
    698       -0.000305439070047      1   2   3   8   9   11  14  19  
    699       -0.000301280825144      1   2   4   5   7   10  21  25  
    700       -0.000299168004368      1   2   3   5   8   9   11  20  
    701       0.000296446850245       1   2   4   5   8   13  17  23  
    702       -0.000295752975607      1   2   6   7   9   12  19  21  
    703       0.000293195655843       1   2   3   4   5   10  23  25  
    704       -0.000292943878852      1   2   3   5   6   9   13  20  
    705       -0.000290424321835      1   2   3   7   9   14  20  23  
    706       -0.000288749392189      1   2   3   6   8   9   11  19  
    707       -0.000287360650399      1   2   3   5   8   9   21  26  
    708       0.000286902047335       1   2   3   7   11  18  19  20  
    709       0.00028652598425        1   2   3   5   8   9   19  24  
    710       0.000285710718434       1   2   4   7   9   12  13  25  
    711       -0.000283982255071      1   2   3   7   11  14  18  25  
    712       0.000279423646282       1   3   4   5   6   7   18  21  
    713       0.000278361557799       1   2   3   8   9   12  13  19  
    714       -0.00027680551177       1   2   3   5   11  15  18  20  
    715       -0.000276148327392      1   2   4   5   7   10  15  25  
    716       -0.000275116372834      1   2   6   7   10  11  19  21  
    717       0.000271486902501       1   2   4   8   9   11  13  19  
    718       0.000266645272545       1   2   3   4   5   10  19  23  
    719       -0.000265350955846      1   2   7   8   9   13  24  25  
    720       0.000265111006054       1   2   4   7   9   11  13  20  
    721       -0.000263008223343      2   3   4   5   7   9   11  26  
    722       0.000260988878721       1   2   3   6   8   9   13  23  
    723       0.000260674152822       1   2   5   7   11  12  18  25  
    724       -0.000258387861013      1   2   3   5   7   10  11  20  
    725       0.000258144683925       1   2   3   6   11  15  18  19  
    726       0.00025676052577        1   2   5   7   8   10  23  25  
    727       0.000256587607792       1   2   3   4   8   9   21  23  
    728       0.000254450577334       1   2   3   7   8   10  11  23  
    729       0.000253263973262       1   2   5   6   8   9   11  23  
    730       0.000250403760412       1   2   5   7   8   9   12  25  
    731       -0.000248105064704      1   2   3   5   8   9   23  26  
    732       0.00024657382011        1   2   3   7   9   13  20  24  
    733       -0.000246512097174      1   2   3   4   8   9   11  23  
    734       -0.000245800180691      1   2   3   6   8   9   23  25  
    735       0.000241957787161       1   2   4   7   9   19  20  21  
    736       -0.000241666224179      1   2   3   9   13  14  16  23  
    737       -0.000239511123259      1   2   3   4   7   18  19  25  
    738       -0.000238489941704      1   2   3   4   10  15  19  25  
    739       -0.000235606810797      2   3   4   5   7   9   12  25  
    740       0.000233684408651       1   2   3   5   8   10  21  25  
    741       0.000233637435435       1   4   5   6   7   9   12  15  
    742       0.000231072256027       1   2   3   7   10  14  19  23  
    743       -0.000230574856191      1   2   3   7   11  14  17  26  
    744       0.000229360774698       1   2   5   7   12  13  18  23  
    745       -0.000226744203148      1   2   3   7   10  12  19  25  
    746       -0.000225826437976      1   2   3   5   8   10  23  25  
    747       -0.000225281830797      1   2   3   5   7   8   10  19  
    748       -0.000224635595346      1   2   5   7   9   12  19  22  
    749       -0.000223597793141      1   2   4   7   10  11  13  19  
    750       -0.000223521185214      1   2   4   7   9   12  19  25  
    751       -0.000222006957305      1   2   3   5   11  14  16  17  
    752       -0.000221753911946      1   2   5   7   8   9   14  23  
    753       0.000218825664237       1   2   3   8   9   11  13  20  
    754       0.00021853048485        1   2   4   7   9   11  14  25  
    755       -0.000215054944409      1   2   3   4   5   10  21  25  
    756       0.000214492241286       1   2   3   5   11  16  17  20  
    757       -0.000212187752901      1   2   5   9   11  12  13  16  
    758       0.000211966532573       1   2   4   7   9   11  13  26  
    759       -0.000211087491405      1   3   5   6   7   9   20  26  
    760       -0.000209698202333      2   4   5   6   7   9   19  25  
    761       0.000207193872302       1   2   3   5   8   9   20  23  
    762       -0.000206273469638      1   2   3   6   11  16  17  19  
    763       -0.000204457343913      1   2   3   6   11  13  16  17  
    764       0.000203735737429       1   2   4   5   8   9   15  19  
    765       -0.000198882501238      1   2   3   8   9   11  12  23  
    766       0.000192921415662       1   2   3   5   8   13  18  23  
    767       0.000192767137712       1   2   5   7   11  13  18  24  
    768       -0.0001896632614        2   3   5   6   7   9   11  16  
    769       -0.000188639744046      1   2   3   5   8   9   22  25  
    770       0.000186678940216       1   2   3   5   7   10  16  25  
    771       -0.000186240680629      1   2   4   5   7   10  13  23  
    772       0.000185999184573       1   2   4   7   10  13  19  23  
    773       -0.000185651901813      2   3   4   5   7   9   20  21  
    774       0.000184953286347       1   2   5   8   9   11  19  22  
    775       0.000183970155128       1   2   3   5   8   9   19  22  
    776       0.000181349279538       1   2   5   7   13  18  23  24  
    777       -0.000179501698158      1   2   4   5   8   9   19  23  
    778       0.000179014179024       1   2   3   4   8   17  19  25  
    779       0.000178833470463       1   3   4   6   7   9   19  22  
    780       0.000175653407139       1   2   3   6   8   9   19  21  
    781       0.000175648780867       1   2   3   5   8   9   15  26  
    782       0.000175189859382       1   2   3   8   9   12  19  25  
    783       0.000174822550298       1   3   4   6   7   9   11  26  
    784       -0.000174237240197      1   2   3   5   6   10  11  23  
    785       -0.000173084468649      1   2   5   6   8   11  17  21  
    786       -0.000170794560886      1   2   5   9   11  12  16  25  
    787       0.000169284520796       1   2   3   5   8   10  15  25  
    788       -0.000167689287323      1   2   4   5   12  15  17  19  
    789       0.000167540028166       1   2   4   8   9   11  19  25  
    790       0.000166526956068       1   2   5   7   9   11  20  22  
    791       -0.000166239265087      1   2   5   9   11  12  16  19  
    792       0.000163063493636       1   2   5   7   8   10  11  19  
    793       0.000163037413505       1   2   6   8   9   11  19  21  
    794       -0.000162855504098      1   2   3   9   16  23  25  26  
    795       -0.000162201691691      1   2   4   8   9   13  19  23  
    796       0.000161882588833       1   2   3   5   10  13  21  22  
    797       0.000161788458908       1   2   4   7   9   11  25  26  
    798       0.000159516610101       1   2   3   8   9   23  25  26  
    799       0.000155842398404       1   2   5   7   11  12  18  19  
    800       -0.000155019673735      1   3   4   6   7   9   22  25  
    801       0.000147307107002       1   2   3   7   10  13  14  15  
    802       0.000146692453391       1   2   3   8   9   13  19  24  
    803       -0.000145979882139      1   2   3   8   9   19  20  21  
    804       -0.000144053984625      1   2   3   5   8   9   16  25  
    805       0.000143385259001       1   2   3   7   10  13  20  23  
    806       0.000143317365013       1   2   4   7   8   9   11  23  
    807       -0.000142568538916      1   2   3   7   10  11  20  25  
    808       0.000142018699792       1   2   4   8   9   11  13  25  
    809       -0.000141100916001      1   2   3   7   10  12  13  25  
    810       -0.000140509036821      1   2   3   7   8   10  13  25  
    811       -0.000136839746199      1   2   4   7   12  13  17  25  
    812       -0.000135307597924      1   2   3   7   10  21  22  23  
    813       -0.000134403882454      1   2   3   4   8   13  17  25  
    814       -0.000133321859392      1   2   3   4   8   9   11  15  
    815       -0.000131714510695      1   2   4   7   10  11  19  25  
    816       -0.000131049444016      1   2   5   6   7   10  21  23  
    817       0.00012765318687        1   2   3   4   7   10  15  23  
    818       0.000125392347962       1   2   3   4   5   8   13  17  
    819       -0.000124189057689      1   2   3   5   12  16  17  19  
    820       -0.00012204463239       1   2   3   4   8   9   15  21  
    821       0.000121936808908       2   3   4   5   7   9   21  26  
    822       -0.000120928401328      1   2   3   4   5   10  13  15  
    823       0.00011997854961        1   2   3   4   9   13  16  25  
    824       0.000119839370414       1   2   4   5   7   8   13  17  
    825       0.000118960965529       1   2   3   5   7   8   17  20  
    826       0.000117721294911       1   2   7   10  11  12  13  19  
    827       0.000115260084136       1   2   3   7   10  11  12  23  
    828       0.000114555527975       1   2   3   5   7   10  19  24  
    829       0.000113771475899       1   2   3   5   14  16  17  21  
    830       0.000112441154106       1   2   3   6   11  15  17  20  
    831       0.000111521850546       1   2   3   5   13  15  18  22  
    832       0.000109579706806       1   2   3   8   9   21  22  23  
    833       -0.000108015887338      1   2   3   4   7   10  15  21  
    834       -0.00010767364341       1   2   3   7   10  13  19  24  
    835       0.000107277362306       1   2   3   6   8   9   15  19  
    836       0.000107201473517       1   2   3   5   6   10  19  25  
    837       -0.000105061734463      1   2   3   5   8   9   15  20  
    838       0.000102130657655       1   2   3   5   8   14  17  23  
    839       -0.000101757779738      1   2   5   7   8   9   23  26  
    840       -9.93127271127e-05      1   2   3   5   14  15  18  21  
    841       -9.59871054114e-05      1   2   3   5   13  16  17  22  
    842       9.5806462263e-05        1   2   5   6   8   9   11  21  
    843       -9.55306090701e-05      1   2   5   9   13  16  23  24  
    844       9.37682503161e-05       1   2   3   8   10  11  13  19  
    845       9.30886464109e-05       1   2   3   4   5   16  17  19  
    846       -9.26738971055e-05      1   2   3   5   8   9   13  24  
    847       -9.25881697711e-05      1   2   3   6   13  15  18  21  
    848       9.24156131864e-05       1   2   3   6   13  16  17  21  
    849       -8.8952337556e-05       1   2   5   9   11  13  16  24  
    850       -8.86679653761e-05      1   2   3   6   8   13  17  23  
    851       8.82641007174e-05       1   2   5   6   7   10  15  23  
    852       -8.81221387678e-05      1   2   5   9   12  13  16  23  
    853       -8.51411628957e-05      1   2   3   8   9   11  19  26  
    854       -8.47764238708e-05      1   2   8   9   11  12  13  19  
    855       8.20844734872e-05       1   2   3   8   9   11  20  25  
    856       -8.20832338545e-05      1   2   3   4   5   6   7   17  
    857       -8.20150659613e-05      1   2   3   5   11  16  18  19  
    858       8.16511241495e-05       1   2   4   5   8   9   21  25  
    859       -8.03646367599e-05      1   2   3   5   12  13  16  17  
    860       7.94833864228e-05       1   2   3   10  13  14  15  23  
    861       -7.87091931472e-05      1   2   3   4   7   10  13  25  
    862       -7.74398625311e-05      1   3   4   5   7   10  11  26  
    863       -7.68427084943e-05      1   2   5   6   8   9   21  23  
    864       7.57733265211e-05       1   2   4   5   13  15  18  21  
    865       -7.48606019986e-05      1   2   4   5   13  16  17  21  
    866       7.16663947951e-05       1   2   3   5   9   11  12  26  
    867       7.12429229179e-05       1   2   3   5   12  15  18  19  
    868       7.0386469094e-05        1   2   5   6   8   9   19  25  
    869       -6.69932559036e-05      1   2   6   9   11  14  15  23  
    870       6.63138935163e-05       1   2   3   4   10  13  15  25  
    871       -6.55955912e-05         1   2   3   7   9   11  14  26  
    872       -6.49950866825e-05      1   2   3   4   10  15  21  23  
    873       6.47267108818e-05       1   2   4   5   11  13  16  17  
    874       6.34189852426e-05       1   2   4   5   11  13  15  18  
    875       6.23964141414e-05       1   2   3   6   7   10  15  25  
    876       -6.02039814085e-05      1   2   7   10  11  13  14  23  
    877       5.88235043948e-05       1   2   3   7   9   12  13  20  
    878       5.86788909535e-05       1   2   4   5   13  15  17  22  
    879       5.85216314073e-05       1   2   5   6   8   9   15  21  
    880       5.82902894117e-05       1   2   3   7   10  11  19  26  
    881       5.78457043274e-05       1   2   5   7   10  12  19  21  
    882       -5.58465622534e-05      1   2   3   8   9   14  19  23  
    883       -5.56201416594e-05      1   2   3   10  15  23  25  26  
    884       5.2874676983e-05        1   2   5   9   12  13  15  24  
    885       -5.26798430637e-05      1   2   3   5   6   8   11  17  
    886       5.18450878566e-05       1   2   3   10  11  13  14  15  
    887       5.17387846584e-05       1   2   3   5   7   10  20  21  
    888       -5.12340800677e-05      1   3   5   6   7   8   10  23  
    889       -5.10610229725e-05      1   2   4   5   7   10  19  21  
    890       -5.08842456954e-05      3   4   5   6   7   10  11  23  
    891       -5.08338092119e-05      2   3   4   5   7   10  11  25  
    892       5.02682560006e-05       1   2   4   5   11  16  17  19  
    893       4.8875488783e-05        1   2   3   5   7   8   18  19  
    894       -4.8277462783e-05       1   2   4   5   8   9   19  21  
    895       -4.7763024929e-05       1   2   4   5   6   9   11  23  
    896       4.75963374298e-05       1   2   3   4   5   15  18  19  
    897       -4.75148071104e-05      2   3   4   5   7   10  21  25  
    898       -4.74374712035e-05      1   2   5   7   12  13  17  24  
    899       -4.74054320229e-05      1   2   5   8   11  12  17  25  
    900       -4.69605113381e-05      1   3   5   6   7   8   10  15  
    901       4.65949074301e-05       1   2   5   10  11  12  15  19  
    902       -4.64355690585e-05      2   3   5   6   8   9   11  15  
    903       -4.59856820632e-05      1   3   4   5   6   10  11  15  
    904       -4.55297554882e-05      1   2   5   6   11  15  18  23  
    905       4.52504947309e-05       1   3   5   6   7   10  15  16  
    906       -4.484036338e-05        1   2   3   5   12  13  15  18  
    907       -4.48382941638e-05      3   4   5   6   7   10  11  21  
    908       4.47358856467e-05       1   3   5   6   7   10  25  26  
    909       4.44307338606e-05       1   2   3   4   6   15  17  19  
    910       -4.43049596941e-05      1   2   3   6   14  15  17  21  
    911       4.40816856391e-05       1   2   5   10  11  12  15  25  
    912       -4.407255882e-05        1   2   7   10  11  13  23  26  
    913       4.37401297239e-05       1   2   5   8   11  12  13  17  
    914       -4.36347693238e-05      1   2   3   4   8   17  21  23  
    915       -4.36004562778e-05      1   2   5   10  11  14  15  23  
    916       4.33920063816e-05       1   2   5   6   7   10  13  25  
    917       -4.30144088816e-05      1   2   3   5   8   10  19  23  
    918       4.28311164009e-05       1   3   4   5   7   10  20  21  
    919       4.24441215759e-05       1   2   3   5   13  16  18  21  
    920       4.23649860536e-05       1   2   3   5   8   10  11  19  
    921       -4.167248064e-05        1   2   3   4   10  11  15  21  
    922       -4.14606821149e-05      1   2   5   10  12  13  15  23  
    923       -4.13342851989e-05      1   2   4   5   7   10  15  19  
    924       -4.12024375271e-05      1   2   5   8   11  12  17  19  
    925       4.10459738241e-05       2   3   4   5   7   10  19  21  
    926       -3.94917864549e-05      1   2   3   4   7   10  21  23  
    927       -3.92281340812e-05      1   2   4   7   8   9   13  25  
    928       -3.86510765238e-05      1   2   5   6   7   10  15  21  
    929       3.79030805686e-05       1   2   3   5   7   8   14  17  
    930       -3.78074839174e-05      1   2   5   7   9   12  20  21  
    931       3.73822802734e-05       1   3   5   6   8   9   10  17  
    932       3.73567781668e-05       1   2   3   4   10  11  13  19  
    933       3.72442602862e-05       1   3   5   6   8   9   17  18  
    934       3.61515465209e-05       1   2   3   8   17  23  25  26  
    935       -3.5587454904e-05       1   2   5   7   11  14  18  23  
    936       -3.55781430766e-05      1   2   8   9   11  13  24  25  
    937       -3.54613534382e-05      1   3   4   6   7   9   13  22  
    938       -3.3719278512e-05       1   3   4   5   8   9   11  26  
    939       3.32809086964e-05       1   3   5   6   8   9   11  16  
    940       3.32069739875e-05       2   3   4   5   8   9   21  25  
    941       -3.31878650552e-05      1   2   3   5   11  13  16  18  
    942       -3.29625104556e-05      1   2   3   4   13  15  18  19  
    943       -3.25209174425e-05      1   4   5   6   8   9   11  15  
    944       -3.10329542299e-05      1   2   3   8   9   13  20  23  
    945       3.04053803478e-05       1   3   4   5   8   9   20  21  
    946       -3.03813981554e-05      1   3   4   6   7   10  13  21  
    947       -3.03106960364e-05      1   2   6   10  11  13  15  23  
    948       -3.01089152903e-05      1   2   4   5   7   10  23  25  
    949       -2.9892954767e-05       1   2   4   7   11  13  18  25  
    950       2.94953845687e-05       1   2   3   4   13  16  17  25  
    951       -2.93558616485e-05      1   3   4   5   6   9   19  26  
    952       -2.84658226266e-05      1   3   4   5   7   10  21  26  
    953       -2.83114137318e-05      2   3   4   5   7   10  13  21  
    954       -2.81474741298e-05      1   2   3   5   6   10  13  19  
    955       -2.79304854037e-05      1   2   3   8   13  14  17  23  
    956       2.77905872335e-05       1   3   4   6   8   9   13  21  
    957       -2.77713635751e-05      3   4   5   6   7   10  21  23  
    958       2.77235616759e-05       1   3   4   5   6   8   11  17  
    959       2.60885989827e-05       1   2   7   10  11  13  24  25  
    960       2.58641499103e-05       1   3   5   6   7   10  19  20  
    961       2.57610509696e-05       1   2   3   8   12  13  17  25  
    962       -2.51273691784e-05      1   2   8   9   13  23  24  25  
    963       -2.48664364526e-05      2   3   4   5   8   9   19  21  
    964       -2.48442825959e-05      1   2   3   7   12  13  18  25  
    965       -2.47394631154e-05      1   2   3   8   10  11  13  25  
    966       2.46095355899e-05       1   2   5   8   9   12  19  21  
    967       -2.42500070135e-05      1   3   5   6   7   10  20  25  
    968       2.39225752001e-05       1   2   8   9   11  13  23  26  
    969       -2.26777951399e-05      1   2   3   5   8   10  19  21  
    970       2.22372735996e-05       1   3   4   5   6   8   17  23  
    971       2.19290395986e-05       1   2   5   8   12  13  17  23  
    972       -2.18358461911e-05      1   2   7   10  11  14  23  25  
    973       2.18164507769e-05       1   2   3   8   11  14  17  25  
    974       -2.15720417759e-05      1   2   5   10  11  12  13  15  
    975       2.15104269031e-05       1   2   5   10  11  13  15  24  
    976       2.09725416379e-05       1   2   5   6   11  16  17  23  
    977       -2.09562220242e-05      1   2   3   4   13  15  18  25  
    978       -2.07358969743e-05      1   3   4   5   6   10  15  23  
    979       2.07095835606e-05       1   2   5   6   7   10  19  25  
    980       2.03789575305e-05       1   3   4   6   7   10  11  25  
    981       2.02425431349e-05       1   3   5   6   7   10  12  15  
    982       2.00770053192e-05       2   3   4   5   8   9   13  21  
    983       2.00656107962e-05       1   3   5   6   8   9   19  20  
    984       1.93527929999e-05       3   4   5   6   8   9   11  23  
    985       -1.91732821629e-05      1   2   3   8   11  17  19  20  
    986       1.89112641319e-05       1   2   3   8   11  17  25  26  
    987       -1.86714842699e-05      1   3   4   6   8   9   11  25  
    988       1.82696232592e-05       1   2   6   9   11  13  16  23  
    989       1.8033100206e-05        1   2   3   5   7   10  11  14  
    990       1.79177158685e-05       1   2   3   8   11  13  18  25  
    991       1.79094102101e-05       2   3   4   5   8   9   23  25  
    992       1.73201723449e-05       1   2   3   5   8   9   20  21  
    993       -1.73003231857e-05      1   2   3   8   11  13  17  26  
    994       -1.68165639907e-05      1   2   3   5   8   10  15  19  
    995       1.6558279089e-05        1   2   8   9   11  13  14  23  
    996       -1.63322618156e-05      1   2   6   7   11  13  18  23  
    997       1.60459492923e-05       1   3   5   6   7   8   9   24  
    998       -1.59225368175e-05      1   2   3   5   7   10  16  19  
    999       -1.57037226429e-05      1   3   4   5   8   9   21  26  
    1000      1.56363864223e-05       1   3   5   6   7   10  19  26  
    1001      -1.54325721904e-05      1   2   5   8   11  13  18  23  
    1002      1.49297927211e-05       1   3   4   5   8   10  23  25  
    1003      -1.48469687641e-05      1   2   3   8   11  13  14  17  
    1004      1.40115730546e-05       1   3   5   6   8   9   19  26  
    1005      -1.38787021042e-05      1   2   5   10  13  15  23  24  
    1006      1.35188895085e-05       1   3   4   5   7   10  13  22  
    1007      1.25056706537e-05       1   2   8   9   12  13  23  25  
    1008      -1.2436559766e-05       1   2   5   9   11  14  16  23  
    1009      1.21130280498e-05       1   2   6   8   11  13  17  23  
    1010      -1.17333782199e-05      3   4   5   6   7   10  13  19  
    1011      1.13780245815e-05       2   3   5   6   7   10  11  15  
    1012      -1.13396362017e-05      1   3   4   5   8   10  11  25  
    1013      -1.13000298944e-05      2   3   5   6   8   9   19  25  
    1014      1.11309091968e-05       3   4   5   6   8   9   13  19  
    1015      -1.11102941723e-05      1   3   4   5   7   10  22  25  
    1016      1.08837165792e-05       1   2   3   8   10  11  19  25  
    1017      1.06353850109e-05       1   3   5   6   8   9   25  26  
    1018      1.05804978639e-05       1   4   5   6   7   10  11  15  
    1019      -1.05542609819e-05      3   4   5   6   7   10  13  25  
    1020      1.01593356588e-05       1   3   5   6   8   10  11  15  
    1021      1.01242518326e-05       3   4   5   6   8   9   13  25  
    1022      9.82761680957e-06       1   2   5   8   11  14  17  23  
    1023      9.59283872883e-06       1   2   3   8   11  12  17  21  
    1024      -9.45260185343e-06      1   2   3   8   10  13  19  23  
    1025      -9.33739626312e-06      1   2   3   4   7   10  11  15  
    1026      -9.27977904599e-06      1   3   5   6   7   10  11  16  
    1027      9.23402790485e-06       1   3   4   5   8   9   13  22  
    1028      -9.20968719176e-06      1   3   5   6   8   9   12  15  
    1029      -9.16924768942e-06      1   2   3   4   7   13  18  25  
    1030      -9.15433656127e-06      1   2   5   8   10  11  19  21  
    1031      -8.90785304942e-06      2   3   4   5   7   10  23  25  
    1032      -8.79692613451e-06      1   2   5   8   11  13  17  24  
    1033      8.59205805303e-06       1   2   6   7   11  14  17  23  
    1034      8.44813276099e-06       1   4   5   6   7   10  19  25  
    1035      -8.01139356912e-06      1   3   4   5   8   9   22  25  
    1036      -7.86832740006e-06      1   2   3   5   8   9   16  19  
    1037      -7.81960856366e-06      1   2   4   5   11  15  18  19  
    1038      -7.72288191485e-06      1   3   5   6   8   9   15  16  
    1039      7.61091301567e-06       1   3   4   5   8   10  13  21  
    1040      -7.56725868567e-06      2   3   4   5   7   9   14  21  
    1041      -6.96600851326e-06      3   4   5   6   7   10  19  25  
    1042      6.74414466489e-06       1   2   5   10  11  13  16  23  
    1043      -6.43392985349e-06      1   2   7   10  12  13  23  25  
    1044      -6.40536161602e-06      1   3   5   6   8   9   20  25  
    1045      6.14246878771e-06       1   2   3   4   13  16  17  19  
    1046      6.09525647183e-06       1   3   4   5   8   9   14  21  
    1047      6.03447933455e-06       1   3   4   6   8   9   21  25  
    1048      -5.90099945106e-06      1   2   7   8   10  13  23  25  
    1049      -5.80300662943e-06      1   3   4   5   8   9   19  22  
    1050      5.23490614854e-06       1   3   4   6   8   9   23  25  
    1051      -5.1097053642e-06       1   3   4   5   7   10  12  25  
    1052      5.04121413862e-06       2   3   4   5   8   9   11  25  
    1053      4.77801224713e-06       1   2   8   9   11  23  25  26  
    1054      -4.76314522447e-06      1   2   7   10  13  23  24  25  
    1055      -4.73983813292e-06      1   2   7   10  11  23  25  26  
    1056      -4.61212160691e-06      1   2   4   8   11  13  17  25  
    1057      4.52618382531e-06       1   3   4   5   7   10  24  25  
    1058      -4.45653484852e-06      1   3   4   6   7   10  21  25  
    1059      -4.06920764934e-06      1   4   5   6   8   9   19  25  
    1060      -3.84709504804e-06      1   3   4   5   7   10  14  21  
    1061      3.74454672847e-06       3   4   5   6   8   9   11  21  
    1062      3.67110970075e-06       1   3   4   5   6   8   17  21  
    1063      3.616386024e-06         1   3   4   5   8   9   23  26  
    1064      3.48165168627e-06       1   3   4   5   8   10  21  25  
    1065      3.07850976925e-06       1   2   7   10  11  12  13  25  
    1066      2.91868631287e-06       1   2   5   8   13  17  23  24  
    1067      2.82255823377e-06       1   3   4   6   7   10  23  25  
    1068      -2.77165773711e-06      1   2   4   7   10  11  13  25  
    1069      2.54124198357e-06       1   2   8   10  11  13  23  25  
    1070      1.94866285087e-06       1   3   5   6   7   10  17  18  
    1071      -1.73587827172e-06      1   2   8   9   11  14  23  25  
    1072      -1.38017954733e-06      1   3   4   5   8   9   24  25  
    1073      1.36337791461e-06       1   3   4   5   6   10  19  25  
    1074      -1.33488156524e-06      1   3   4   5   7   10  23  26  
    1075      -1.33005581103e-06      1   3   4   5   8   9   12  25  
    1076      1.24845190583e-06       3   4   5   6   8   9   19  25  
    1077      1.16393518799e-06       1   2   8   9   11  12  13  25  
    1078      -1.16193825788e-06      1   3   4   5   7   10  19  22  
    1079      1.14370511993e-06       1   2   3   4   5   15  17  20  
    1080      -7.43325653485e-07      1   3   4   6   8   9   19  21  
    1081      -5.47797962897e-07      2   3   5   6   7   10  19  25  
    1082      4.80852393855e-07       1   3   4   5   8   10  19  21  
    1083      3.8633172855e-07        1   3   5   6   8   10  19  25  
    1084      -2.65312591669e-07      3   4   5   6   8   9   21  23  
    1085      -1.36821942565e-07      1   3   4   6   7   10  19  21  
