    1         0.985025477036          1   2   3   4   5   6   7   8   9   10  
    2         -0.0519322475603        1   2   3   4   5   6   7   8   21  22  
    3         -0.0372339891197        1   2   3   4   5   6   9   10  19  20  
    4         -0.0360136621577        1   2   3   4   7   8   9   10  15  16  
    5         -0.0294843277081        1   2   3   4   7   8   9   10  13  14  
    6         -0.0290503701245        1   2   3   4   5   6   7   10  20  21  
    7         -0.0290503701245        1   2   3   4   5   6   8   9   19  22  
    8         -0.0275020274232        1   2   3   4   7   8   9   10  17  18  
    9         -0.024158343509         1   2   3   4   5   6   9   10  15  16  
    10        0.0224708153768         1   2   3   4   6   7   8   9   22  23  
    11        0.0224708153768         1   2   3   4   5   7   8   10  21  24  
    12        -0.0224087777641        1   2   3   4   7   8   9   10  23  24  
    13        0.0219690776405         1   2   3   4   5   7   8   10  14  21  
    14        0.0219690776405         1   2   3   4   6   7   8   9   13  22  
    15        0.0211527316524         1   2   3   4   6   7   9   10  16  17  
    16        0.0211527316524         1   2   3   4   5   8   9   10  15  18  
    17        -0.0207198582213        1   2   3   4   7   8   9   10  13  16  
    18        0.0207198582213         1   2   3   4   7   8   9   10  14  15  
    19        0.0205579174082         1   2   3   4   5   6   8   10  19  21  
    20        0.0205579174082         1   2   3   4   5   6   7   9   20  22  
    21        0.0188056323421         1   2   3   4   6   7   9   10  13  20  
    22        0.0188056323421         1   2   3   4   5   8   9   10  14  19  
    23        0.0183938594462         1   2   3   5   6   7   8   10  12  21  
    24        0.0183938594462         1   2   4   5   6   7   8   9   11  22  
    25        0.0182671485203         1   2   3   4   7   8   9   10  13  24  
    26        -0.0182671485203        1   2   3   4   7   8   9   10  14  23  
    27        -0.0172698617306        1   2   3   4   6   7   8   10  13  21  
    28        -0.0172698617306        1   2   3   4   5   7   8   9   14  22  
    29        -0.0168941985746        1   2   3   4   6   8   9   10  13  19  
    30        -0.0168941985746        1   2   3   4   5   7   9   10  14  20  
    31        -0.0166650908754        1   2   3   4   6   7   8   10  21  23  
    32        -0.0166650908754        1   2   3   4   5   7   8   9   22  24  
    33        0.0162948700566         1   2   3   4   5   8   9   10  19  24  
    34        0.0162948700566         1   2   3   4   6   7   9   10  20  23  
    35        0.0158767085811         1   2   3   5   6   7   8   10  21  34  
    36        0.0158767085811         1   2   4   5   6   7   8   9   22  33  
    37        -0.0158453289661        1   2   3   4   6   8   9   10  15  19  
    38        -0.0158453289661        1   2   3   4   5   7   9   10  16  20  
    39        -0.0158104120594        1   2   3   4   7   8   9   10  25  26  
    40        -0.0155134135575        1   2   3   4   5   6   9   10  27  28  
    41        -0.0147968894862        1   2   3   4   6   7   9   10  15  18  
    42        -0.0147968894862        1   2   3   4   5   8   9   10  16  17  
    43        0.0141861831499         1   2   3   4   5   8   9   10  16  19  
    44        0.0141861831499         1   2   3   4   6   7   9   10  15  20  
    45        -0.0140357794353        1   2   3   4   5   7   8   9   18  26  
    46        -0.0140357794353        1   2   3   4   6   7   8   10  17  25  
    47        -0.013891731723         1   2   3   4   5   6   7   8   39  40  
    48        0.0137191386044         1   2   3   4   5   7   8   10  16  21  
    49        0.0137191386044         1   2   3   4   6   7   8   9   15  22  
    50        0.013217947889          1   2   4   5   7   8   9   10  11  24  
    51        0.013217947889          1   2   3   6   7   8   9   10  12  23  
    52        -0.0131237234218        1   2   3   4   5   6   7   8   41  42  
    53        -0.0130002808091        1   2   3   4   5   6   7   8   33  34  
    54        0.0129775214394         1   2   4   5   6   7   9   10  20  33  
    55        0.0129775214394         1   2   3   5   6   8   9   10  19  34  
    56        -0.0129039796889        1   2   3   4   5   6   9   10  43  44  
    57        -0.0125010709312        1   2   4   5   6   7   8   9   17  22  
    58        -0.0125010709312        1   2   3   5   6   7   8   10  18  21  
    59        -0.0123945704942        1   2   5   6   7   8   9   10  11  12  
    60        -0.0121538865461        1   2   5   6   7   8   9   10  17  18  
    61        -0.0120832705295        1   2   3   4   5   6   9   10  39  40  
    62        0.0120578588235         1   2   4   5   6   7   9   10  17  18  
    63        -0.0120578588235        1   2   3   5   6   8   9   10  17  18  
    64        0.0119870231287         1   2   4   5   6   7   9   10  11  20  
    65        0.0119870231287         1   2   3   5   6   8   9   10  12  19  
    66        0.0112334150991         1   2   4   5   7   8   9   10  24  33  
    67        0.0112334150991         1   2   3   6   7   8   9   10  23  34  
    68        0.0112108123262         1   2   3   4   7   8   9   10  16  35  
    69        -0.0112108123262        1   2   3   4   7   8   9   10  15  36  
    70        -0.0112105566648        1   2   3   4   6   8   9   10  19  23  
    71        -0.0112105566648        1   2   3   4   5   7   9   10  20  24  
    72        -0.0109406524509        1   2   3   4   7   8   9   10  35  36  
    73        0.0107960317666         1   2   4   5   6   7   8   9   22  27  
    74        0.0107960317666         1   2   3   5   6   7   8   10  21  28  
    75        -0.0106582888576        1   2   3   4   5   6   7   9   40  44  
    76        -0.0106582888576        1   2   3   4   5   6   8   10  39  43  
    77        0.0104919641456         1   2   3   5   6   8   9   10  19  28  
    78        0.0104919641456         1   2   4   5   6   7   9   10  20  27  
    79        -0.0104124696261        1   2   3   4   5   7   8   9   16  22  
    80        -0.0104124696261        1   2   3   4   6   7   8   10  15  21  
    81        -0.0102138100852        1   2   5   6   7   8   9   10  33  34  
    82        -0.010159658268         1   2   3   5   6   7   8   9   12  22  
    83        -0.010159658268         1   2   4   5   6   7   8   10  11  21  
    84        -0.0100847845612        1   2   3   5   6   7   8   10  21  38  
    85        -0.0100847845612        1   2   4   5   6   7   8   9   22  37  
    86        -0.00990656806282       1   2   3   4   6   7   8   9   22  35  
    87        -0.00990656806281       1   2   3   4   5   7   8   10  21  36  
    88        -0.00980699819754       1   2   3   5   6   7   8   9   22  34  
    89        -0.00980699819754       1   2   4   5   6   7   8   10  21  33  
    90        0.00969977135027        1   2   3   4   6   7   8   9   17  26  
    91        0.00969977135027        1   2   3   4   5   7   8   10  18  25  
    92        0.00849245271625        1   2   3   4   5   6   8   9   20  21  
    93        0.00849245271625        1   2   3   4   5   6   7   10  19  22  
    94        -0.0082342011782        1   2   4   5   6   7   8   9   12  21  
    95        -0.0082342011782        1   2   3   5   6   7   8   10  11  22  
    96        0.00805030756891        1   2   3   4   5   6   7   10  39  44  
    97        0.00805030756891        1   2   3   4   5   6   8   9   40  43  
    98        -0.00802395798944       1   2   3   4   6   7   8   10  41  45  
    99        -0.00802395798944       1   2   3   4   5   7   8   9   42  46  
    100       -0.00775546563963       1   2   3   4   7   8   9   10  41  42  
    101       -0.00744717158128       1   2   4   5   6   7   9   10  19  34  
    102       -0.00744717158128       1   2   3   5   6   8   9   10  20  33  
    103       -0.00727488216776       1   2   3   4   5   6   7   8   45  46  
    104       -0.0072688466116        1   2   4   5   6   8   9   10  11  19  
    105       -0.0072688466116        1   2   3   5   6   7   9   10  12  20  
    106       0.00711735058871        1   2   4   5   6   7   8   9   21  38  
    107       0.00711735058871        1   2   3   5   6   7   8   10  22  37  
    108       0.00699816075326        1   2   3   4   6   7   8   10  21  35  
    109       0.00699816075326        1   2   3   4   5   7   8   9   22  36  
    110       -0.00668684301293       1   2   4   6   7   8   9   10  11  23  
    111       -0.00668684301293       1   2   3   5   7   8   9   10  12  24  
    112       -0.00663914099014       1   2   3   5   6   7   9   10  20  28  
    113       -0.00663914099014       1   2   4   5   6   8   9   10  19  27  
    114       0.00661535765636        1   2   3   5   6   7   8   9   18  22  
    115       0.00661535765636        1   2   4   5   6   7   8   10  17  21  
    116       -0.00653110487604       1   2   4   5   7   8   9   10  12  23  
    117       -0.00653110487604       1   2   3   6   7   8   9   10  11  24  
    118       -0.00637555944321       1   2   3   6   7   8   9   10  24  33  
    119       -0.00637555944321       1   2   4   5   7   8   9   10  23  34  
    120       -0.00635584216622       1   2   3   4   6   8   9   10  15  17  
    121       -0.00635584216622       1   2   3   4   5   7   9   10  16  18  
    122       -0.00606971038359       1   2   4   5   6   7   8   9   21  34  
    123       -0.00606971038358       1   2   3   5   6   7   8   10  22  33  
    124       0.00588571327488        1   2   3   5   6   7   8   10  17  22  
    125       0.00588571327488        1   2   4   5   6   7   8   9   18  21  
    126       -0.00580572450139       1   2   3   4   6   7   8   9   21  24  
    127       -0.00580572450139       1   2   3   4   5   7   8   10  22  23  
    128       -0.00553034985813       1   2   4   5   6   8   9   10  19  33  
    129       -0.00553034985813       1   2   3   5   6   7   9   10  20  34  
    130       -0.00545602758961       1   2   4   5   6   7   8   10  21  27  
    131       -0.0054560275896        1   2   3   5   6   7   8   9   22  28  
    132       -0.00534000417705       1   2   4   5   6   7   8   9   21  28  
    133       -0.00534000417705       1   2   3   5   6   7   8   10  22  27  
    134       -0.00508431339182       1   2   3   4   6   7   9   10  19  24  
    135       -0.00508431339181       1   2   3   4   5   8   9   10  20  23  
    136       -0.0048578556559        1   2   3   5   7   8   9   10  24  34  
    137       -0.0048578556559        1   2   4   6   7   8   9   10  23  33  
    138       -0.00471817651713       1   2   4   5   6   7   9   10  12  19  
    139       -0.00471817651713       1   2   3   5   6   8   9   10  11  20  
    140       -0.00469921590992       1   2   3   4   5   7   8   10  13  22  
    141       -0.00469921590992       1   2   3   4   6   7   8   9   14  21  
    142       0.00433600808504        1   2   3   4   5   7   8   10  17  26  
    143       0.00433600808504        1   2   3   4   6   7   8   9   18  25  
    144       0.00431424483717        1   2   3   4   6   7   8   9   42  45  
    145       0.00431424483717        1   2   3   4   5   7   8   10  41  46  
    146       -0.00385282315551       1   2   3   5   6   8   9   10  20  27  
    147       -0.00385282315551       1   2   4   5   6   7   9   10  19  28  
    148       0.00370971315227        1   2   3   4   6   7   8   9   41  46  
    149       0.00370971315227        1   2   3   4   5   7   8   10  42  45  
    150       -0.00330666897822       1   2   3   4   5   7   8   10  15  22  
    151       -0.00330666897822       1   2   3   4   6   7   8   9   16  21  
    152       0.00296743397254        1   2   3   5   6   7   8   9   22  38  
    153       0.00296743397254        1   2   4   5   6   7   8   10  21  37  
    154       0.00290840730956        1   2   3   4   6   7   8   9   21  36  
    155       0.00290840730955        1   2   3   4   5   7   8   10  22  35  
    156       0.00260798128868        1   2   3   4   5   6   8   9   39  44  
    157       0.00260798128868        1   2   3   4   5   6   7   10  40  43  
    158       -0.00191143376751       1   2   3   4   6   7   9   10  14  19  
    159       -0.00191143376751       1   2   3   4   5   8   9   10  13  20  
    160       0.00165914581622        1   2   3   4   5   8   9   10  15  20  
    161       0.00165914581622        1   2   3   4   6   7   9   10  16  19  
