          ===================
          F2 1.0 Re / cc-pVDZ
          ===================
  N_det(in)   % T      CC(P)     CC(P;Q)_2BA
--------------------------------------------
        1    0.00     9.484785    -0.240130
       10    0.00     9.484785    -0.240130
      100    0.00     9.484785    -0.240130
     1000    0.00     9.484785    -0.240130
     5000    0.38     4.030665    -0.262714
    10000    1.17     3.010258    -0.252519
    50000    7.89     1.419216    -0.111192
   100000    14.49     0.983457    -0.081555
   500000    34.39     0.518822    -0.034373
  1000000    42.31     0.464216    -0.029716

          ================
          F2 1.5 Re / cc-pVDZ
          ================
  N_det(in)   % T      CC(P)     CC(P;Q)_2BA
--------------------------------------------
        1    0.00    32.424198     1.734606
       10    0.00    32.424198     1.734606
      100    0.00    32.424198     1.734606
     1000    0.08    16.835430     1.015790
     5000    0.71     2.489703    -0.057983
    10000    1.46     1.892021    -0.122176
    50000    8.78     0.991268    -0.129356
   100000    13.95     0.726901    -0.103412
   500000    30.76     0.390152    -0.072326
  1000000    37.06     0.361825    -0.069932

          ================
          F2 2.0 Re / cc-pVDZ
          ================
  N_det(in)   % T      CC(P)     CC(P;Q)_2BA
--------------------------------------------
        1    0.00    45.638447     1.861723
       10    0.00    45.638447     1.861723
      100    0.01    38.308429     2.103234
     1000    0.07    21.726713     1.469621
     5000    1.05     1.725159     0.061767
    10000    2.11     1.337917    -0.046433
    50000    5.20     0.921223    -0.093744
   100000    8.42     0.694732    -0.124384
   500000    19.80     0.400104    -0.088133
  1000000    27.97     0.313457    -0.083256

          ================
          F2 5 Re / cc-pVDZ
          ================
  N_det(in)   % T      CC(P)     CC(P;Q)_2BA
--------------------------------------------
        1    0.00    49.815951     1.613099
       10    0.00    49.815951     1.613099
      100    0.02    37.524067     1.837527
     1000    0.17     5.154200     0.781926
     5000    1.19     1.488917     0.093954
    10000    2.25     1.156342    -0.004265
    50000    4.60     0.764270    -0.077867
   100000    7.65     0.583571    -0.060512
   500000    18.05     0.293592    -0.055414
  1000000    22.08     0.258720    -0.046106

          ================
          F2 2 Re / cc-pVTZ
          ================
  N_det(in)   % T      CC(P)     CC(P;Q)_2BA
--------------------------------------------
        1    0.00    62.818983     4.253458
       10    0.00    62.818983     4.253458
      100    0.00    58.891107     4.237083
     1000    0.01    42.564397     3.256357
     5000    0.03    18.036007     1.527722
    10000    0.06    11.438681     0.549091
    50000    0.84     4.898212    -0.460524
   100000    1.58     4.156935    -0.477671
   500000    3.75     3.110740    -0.434468
  1000000    5.58     2.738624    -0.333660
